233 2246 2978
1
1
1
1
1
1
1
1
1
1
1
1
1
1
1
1
1
1
1
1
1
1
1
1
1
1
1
1
1
1
1
1
1
1
1
1
1
1
1
1
1
1
1
1
1
1
1
1
1
1
1
1
1
1
1
1
1
1
1
1
1
1
1
1
1
1
1
1
1
1
1
1
1
1
1
1
1
1
1
1
1
1
1
1
1
1
1
1
1
1
1
1
1
1
1
1
1
1
1
1
1
1
1
1
1
1
1
1
1
1
1
1
1
1
1
1
1
1
1
1
1
1
1
1
1
1
1
1
1
1
1
1
1
1
1
1
1
1
1
1
1
1
1
1
1
1
1
1
1
1
1
1
1
1
1
1
1
1
1
1
1
1
1
1
1
1
1
1
1
1
1
1
1
1
1
1
1
1
1
1
1
1
1
1
1
1
1
1
1
1
1
1
1
1
1
1
1
1
1
1
1
1
1
1
1
1
1
1
1
1
1
1
1
1
1
1
1
1
1
1
1
1
1
1
1
1
1
1
1
1
1
1
1
50 0 -6
50 1 -12
50 2 -24
50 3 -36
50 4 -48
50 5 -72
50 6 -96
50 7 -144
50 8 -216
51 9 -6
51 10 -12
51 11 -24
51 12 -36
51 13 -48
51 14 -72
51 15 -96
51 16 -144
51 17 -216
52 18 -6
52 19 -12
52 20 -24
52 21 -36
52 22 -48
52 23 -72
52 24 -96
52 25 -144
52 26 -216
53 27 -6
53 28 -12
53 29 -24
53 30 -36
53 31 -48
53 32 -72
53 33 -96
53 34 -144
53 35 -216
54 36 -6
54 37 -12
54 38 -24
54 39 -36
54 40 -48
54 41 -72
54 42 -96
54 43 -144
54 44 -216
55 45 -6
55 46 -12
55 47 -24
55 48 -36
55 49 -48
55 50 -72
55 51 -96
55 52 -144
55 53 -216
56 54 -6
56 55 -12
56 56 -24
56 57 -36
56 58 -48
56 59 -72
56 60 -96
56 61 -144
56 62 -216
57 63 -6
57 64 -12
57 65 -24
57 66 -36
57 67 -48
57 68 -72
57 69 -96
57 70 -144
57 71 -216
58 72 -6
58 73 -12
58 74 -24
58 75 -36
58 76 -48
58 77 -72
58 78 -96
58 79 -144
58 80 -216
59 81 -6
59 82 -12
59 83 -24
59 84 -36
59 85 -48
59 86 -72
59 87 -96
59 88 -144
59 89 -216
60 90 -6
60 91 -12
60 92 -24
60 93 -36
60 94 -48
60 95 -72
60 96 -96
60 97 -144
60 98 -216
61 99 -6
61 100 -12
61 101 -24
61 102 -36
61 103 -48
61 104 -72
61 105 -96
61 106 -144
61 107 -216
62 108 -6
62 109 -12
62 110 -24
62 111 -36
62 112 -48
62 113 -72
62 114 -96
62 115 -144
62 116 -216
63 117 -6
63 118 -12
63 119 -24
63 120 -36
63 121 -48
63 122 -72
63 123 -96
63 124 -144
63 125 -216
64 126 -6
64 127 -12
64 128 -24
64 129 -36
64 130 -48
64 131 -72
64 132 -96
64 133 -144
64 134 -216
65 135 -6
65 136 -12
65 137 -24
65 138 -36
65 139 -48
65 140 -72
65 141 -96
65 142 -144
65 143 -216
66 144 -6
66 145 -12
66 146 -24
66 147 -36
66 148 -48
66 149 -72
66 150 -96
66 151 -144
66 152 -216
67 153 -6
67 154 -12
67 155 -24
67 156 -36
67 157 -48
67 158 -72
67 159 -96
67 160 -144
67 161 -216
68 162 -6
68 163 -12
68 164 -24
68 165 -36
68 166 -48
68 167 -72
68 168 -96
68 169 -144
68 170 -216
69 171 -6
69 172 -12
69 173 -24
69 174 -36
69 175 -48
69 176 -72
69 177 -96
69 178 -144
69 179 -216
70 180 -6
70 181 -12
70 182 -24
70 183 -36
70 184 -48
70 185 -72
70 186 -96
70 187 -144
70 188 -216
71 189 -6
71 190 -12
71 191 -24
71 192 -36
71 193 -48
71 194 -72
71 195 -96
71 196 -144
71 197 -216
72 198 -6
72 199 -12
72 200 -24
72 201 -36
72 202 -48
72 203 -72
72 204 -96
72 205 -144
72 206 -216
73 207 -6
73 208 -12
73 209 -24
73 210 -36
73 211 -48
73 212 -72
73 213 -96
73 214 -144
73 215 -216
74 216 -6
74 217 -12
74 218 -24
74 219 -36
74 220 -48
74 221 -72
74 222 -96
74 223 -144
74 224 -216
75 225 -6
75 226 -12
75 227 -24
75 228 -36
75 229 -48
75 230 -72
75 231 -96
75 232 -144
75 233 -216
76 234 -6
76 235 -12
76 236 -24
76 237 -36
76 238 -48
76 239 -72
76 240 -96
76 241 -144
76 242 -216
77 243 -6
77 244 -12
77 245 -24
77 246 -36
77 247 -48
77 248 -72
77 249 -96
77 250 -144
77 251 -216
78 252 -6
78 253 -12
78 254 -24
78 255 -36
78 256 -48
78 257 -72
78 258 -96
78 259 -144
78 260 -216
79 261 -6
79 262 -12
79 263 -24
79 264 -36
79 265 -48
79 266 -72
79 267 -96
79 268 -144
79 269 -216
80 270 -6
80 271 -12
80 272 -24
80 273 -36
80 274 -48
80 275 -72
80 276 -96
80 277 -144
80 278 -216
81 279 -6
81 280 -12
81 281 -24
81 282 -36
81 283 -48
81 284 -72
81 285 -96
81 286 -144
81 287 -216
82 288 -6
82 289 -12
82 290 -24
82 291 -36
82 292 -48
82 293 -72
82 294 -96
82 295 -144
82 296 -216
83 297 -6
83 298 -12
83 299 -24
83 300 -36
83 301 -48
83 302 -72
83 303 -96
83 304 -144
83 305 -216
84 306 -6
84 307 -12
84 308 -24
84 309 -36
84 310 -48
84 311 -72
84 312 -96
84 313 -144
84 314 -216
85 315 -6
85 316 -12
85 317 -24
85 318 -36
85 319 -48
85 320 -72
85 321 -96
85 322 -144
85 323 -216
86 324 -6
86 325 -12
86 326 -24
86 327 -36
86 328 -48
86 329 -72
86 330 -96
86 331 -144
86 332 -216
87 333 -6
87 334 -12
87 335 -24
87 336 -36
87 337 -48
87 338 -72
87 339 -96
87 340 -144
87 341 -216
88 342 -6
88 343 -12
88 344 -24
88 345 -36
88 346 -48
88 347 -72
88 348 -96
88 349 -144
88 350 -216
89 351 -6
89 352 -12
89 353 -24
89 354 -36
89 355 -48
89 356 -72
89 357 -96
89 358 -144
89 359 -216
90 360 -6
90 361 -12
90 362 -24
90 363 -36
90 364 -48
90 365 -72
90 366 -96
90 367 -144
90 368 -216
91 369 -6
91 370 -12
91 371 -24
91 372 -36
91 373 -48
91 374 -72
91 375 -96
91 376 -144
91 377 -216
92 378 -6
92 379 -12
92 380 -24
92 381 -36
92 382 -48
92 383 -72
92 384 -96
92 385 -144
92 386 -216
93 387 -6
93 388 -12
93 389 -24
93 390 -36
93 391 -48
93 392 -72
93 393 -96
93 394 -144
93 395 -216
94 396 -6
94 397 -12
94 398 -24
94 399 -36
94 400 -48
94 401 -72
94 402 -96
94 403 -144
94 404 -216
95 405 -6
95 406 -12
95 407 -24
95 408 -36
95 409 -48
95 410 -72
95 411 -96
95 412 -144
95 413 -216
96 414 -6
96 415 -12
96 416 -24
96 417 -36
96 418 -48
96 419 -72
96 420 -96
96 421 -144
96 422 -216
97 423 -6
97 424 -12
97 425 -24
97 426 -36
97 427 -48
97 428 -72
97 429 -96
97 430 -144
97 431 -216
98 432 -6
98 433 -12
98 434 -24
98 435 -36
98 436 -48
98 437 -72
98 438 -96
98 439 -144
98 440 -216
99 441 -6
99 442 -12
99 443 -24
99 444 -36
99 445 -48
99 446 -72
99 447 -96
99 448 -144
99 449 -216
100 450 -6
100 451 -12
100 452 -24
100 453 -36
100 454 -48
100 455 -72
100 456 -96
100 457 -144
100 458 -216
101 459 -6
101 460 -12
101 461 -24
101 462 -36
101 463 -48
101 464 -72
101 465 -96
101 466 -144
101 467 -216
102 468 -6
102 469 -12
102 470 -24
102 471 -36
102 472 -48
102 473 -72
102 474 -96
102 475 -144
102 476 -216
103 477 -6
103 478 -12
103 479 -24
103 480 -36
103 481 -48
103 482 -72
103 483 -96
103 484 -144
103 485 -216
104 486 -6
104 487 -12
104 488 -24
104 489 -36
104 490 -48
104 491 -72
104 492 -96
104 493 -144
104 494 -216
105 495 -6
105 496 -12
105 497 -24
105 498 -36
105 499 -48
105 500 -72
105 501 -96
105 502 -144
105 503 -216
106 504 -6
106 505 -12
106 506 -24
106 507 -36
106 508 -48
106 509 -72
106 510 -96
106 511 -144
106 512 -216
107 513 -6
107 514 -12
107 515 -24
107 516 -36
107 517 -48
107 518 -72
107 519 -96
107 520 -144
107 521 -216
108 522 -6
108 523 -12
108 524 -24
108 525 -36
108 526 -48
108 527 -72
108 528 -96
108 529 -144
108 530 -216
109 531 -6
109 532 -12
109 533 -24
109 534 -36
109 535 -48
109 536 -72
109 537 -96
109 538 -144
109 539 -216
110 540 -6
110 541 -12
110 542 -24
110 543 -36
110 544 -48
110 545 -72
110 546 -96
110 547 -144
110 548 -216
111 549 -6
111 550 -12
111 551 -24
111 552 -36
111 553 -48
111 554 -72
111 555 -96
111 556 -144
111 557 -216
112 558 -6
112 559 -12
112 560 -24
112 561 -36
112 562 -48
112 563 -72
112 564 -96
112 565 -144
112 566 -216
113 567 -6
113 568 -12
113 569 -24
113 570 -36
113 571 -48
113 572 -72
113 573 -96
113 574 -144
113 575 -216
114 576 -6
114 577 -12
114 578 -24
114 579 -36
114 580 -48
114 581 -72
114 582 -96
114 583 -144
114 584 -216
115 585 -6
115 586 -12
115 587 -24
115 588 -36
115 589 -48
115 590 -72
115 591 -96
115 592 -144
115 593 -216
116 594 -6
116 595 -12
116 596 -24
116 597 -36
116 598 -48
116 599 -72
116 600 -96
116 601 -144
116 602 -216
117 603 -6
117 604 -12
117 605 -24
117 606 -36
117 607 -48
117 608 -72
117 609 -96
117 610 -144
117 611 -216
118 612 -6
118 613 -12
118 614 -24
118 615 -36
118 616 -48
118 617 -72
118 618 -96
118 619 -144
118 620 -216
119 621 -6
119 622 -12
119 623 -24
119 624 -36
119 625 -48
119 626 -72
119 627 -96
119 628 -144
119 629 -216
120 630 -6
120 631 -12
120 632 -24
120 633 -36
120 634 -48
120 635 -72
120 636 -96
120 637 -144
120 638 -216
121 639 -6
121 640 -12
121 641 -24
121 642 -36
121 643 -48
121 644 -72
121 645 -96
121 646 -144
121 647 -216
122 648 -6
122 649 -12
122 650 -24
122 651 -36
122 652 -48
122 653 -72
122 654 -96
122 655 -144
122 656 -216
123 657 -6
123 658 -12
123 659 -24
123 660 -36
123 661 -48
123 662 -72
123 663 -96
123 664 -144
123 665 -216
124 666 -6
124 667 -12
124 668 -24
124 669 -36
124 670 -48
124 671 -72
124 672 -96
124 673 -144
124 674 -216
125 675 -6
125 676 -12
125 677 -24
125 678 -36
125 679 -48
125 680 -72
125 681 -96
125 682 -144
125 683 -216
126 684 -6
126 685 -12
126 686 -24
126 687 -36
126 688 -48
126 689 -72
126 690 -96
126 691 -144
126 692 -216
127 693 -6
127 694 -12
127 695 -24
127 696 -36
127 697 -48
127 698 -72
127 699 -96
127 700 -144
127 701 -216
128 702 -6
128 703 -12
128 704 -24
128 705 -36
128 706 -48
128 707 -72
128 708 -96
128 709 -144
128 710 -216
129 711 -6
129 712 -12
129 713 -24
129 714 -36
129 715 -48
129 716 -72
129 717 -96
129 718 -144
129 719 -216
130 720 -6
130 721 -12
130 722 -24
130 723 -36
130 724 -48
130 725 -72
130 726 -96
130 727 -144
130 728 -216
131 729 -6
131 730 -12
131 731 -24
131 732 -36
131 733 -48
131 734 -72
131 735 -96
131 736 -144
131 737 -216
132 738 -6
132 739 -12
132 740 -24
132 741 -36
132 742 -48
132 743 -72
132 744 -96
132 745 -144
132 746 -216
133 747 -6
133 748 -12
133 749 -24
133 750 -36
133 751 -48
133 752 -72
133 753 -96
133 754 -144
133 755 -216
134 756 -6
134 757 -12
134 758 -24
134 759 -36
134 760 -48
134 761 -72
134 762 -96
134 763 -144
134 764 -216
135 765 -6
135 766 -12
135 767 -24
135 768 -36
135 769 -48
135 770 -72
135 771 -96
135 772 -144
135 773 -216
136 774 -6
136 775 -12
136 776 -24
136 777 -36
136 778 -48
136 779 -72
136 780 -96
136 781 -144
136 782 -216
137 783 -6
137 784 -12
137 785 -24
137 786 -36
137 787 -48
137 788 -72
137 789 -96
137 790 -144
137 791 -216
138 792 -6
138 793 -12
138 794 -24
138 795 -36
138 796 -48
138 797 -72
138 798 -96
138 799 -144
138 800 -216
139 801 -6
139 802 -12
139 803 -24
139 804 -36
139 805 -48
139 806 -72
139 807 -96
139 808 -144
139 809 -216
140 810 -6
140 811 -12
140 812 -24
140 813 -36
140 814 -48
140 815 -72
140 816 -96
140 817 -144
140 818 -216
141 819 -6
141 820 -12
141 821 -24
141 822 -36
141 823 -48
141 824 -72
141 825 -96
141 826 -144
141 827 -216
142 828 -6
142 829 -12
142 830 -24
142 831 -36
142 832 -48
142 833 -72
142 834 -96
142 835 -144
142 836 -216
143 837 -6
143 838 -12
143 839 -24
143 840 -36
143 841 -48
143 842 -72
143 843 -96
143 844 -144
143 845 -216
144 846 -6
144 847 -12
144 848 -24
144 849 -36
144 850 -48
144 851 -72
144 852 -96
144 853 -144
144 854 -216
145 855 -6
145 856 -12
145 857 -24
145 858 -36
145 859 -48
145 860 -72
145 861 -96
145 862 -144
145 863 -216
146 864 -6
146 865 -12
146 866 -24
146 867 -36
146 868 -48
146 869 -72
146 870 -96
146 871 -144
146 872 -216
147 873 -6
147 874 -12
147 875 -24
147 876 -36
147 877 -48
147 878 -72
147 879 -96
147 880 -144
147 881 -216
148 882 -6
148 883 -12
148 884 -24
148 885 -36
148 886 -48
148 887 -72
148 888 -96
148 889 -144
148 890 -216
149 891 -6
149 892 -12
149 893 -24
149 894 -36
149 895 -48
149 896 -72
149 897 -96
149 898 -144
149 899 -216
150 900 -6
150 901 -12
150 902 -24
150 903 -36
150 904 -48
150 905 -72
150 906 -96
150 907 -144
150 908 -216
151 909 -6
151 910 -12
151 911 -24
151 912 -36
151 913 -48
151 914 -72
151 915 -96
151 916 -144
151 917 -216
152 918 -6
152 919 -12
152 920 -24
152 921 -36
152 922 -48
152 923 -72
152 924 -96
152 925 -144
152 926 -216
153 927 -6
153 928 -12
153 929 -24
153 930 -36
153 931 -48
153 932 -72
153 933 -96
153 934 -144
153 935 -216
154 936 -6
154 937 -12
154 938 -24
154 939 -36
154 940 -48
154 941 -72
154 942 -96
154 943 -144
154 944 -216
155 945 -6
155 946 -12
155 947 -24
155 948 -36
155 949 -48
155 950 -72
155 951 -96
155 952 -144
155 953 -216
156 954 -6
156 955 -12
156 956 -24
156 957 -36
156 958 -48
156 959 -72
156 960 -96
156 961 -144
156 962 -216
157 963 -6
157 964 -12
157 965 -24
157 966 -36
157 967 -48
157 968 -72
157 969 -96
157 970 -144
157 971 -216
158 972 -6
158 973 -12
158 974 -24
158 975 -36
158 976 -48
158 977 -72
158 978 -96
158 979 -144
158 980 -216
159 981 -6
159 982 -12
159 983 -24
159 984 -36
159 985 -48
159 986 -72
159 987 -96
159 988 -144
159 989 -216
160 990 -6
160 991 -12
160 992 -24
160 993 -36
160 994 -48
160 995 -72
160 996 -96
160 997 -144
160 998 -216
161 999 -6
161 1000 -12
161 1001 -24
161 1002 -36
161 1003 -48
161 1004 -72
161 1005 -96
161 1006 -144
161 1007 -216
162 1008 -6
162 1009 -12
162 1010 -24
162 1011 -36
162 1012 -48
162 1013 -72
162 1014 -96
162 1015 -144
162 1016 -216
163 1017 -6
163 1018 -12
163 1019 -24
163 1020 -36
163 1021 -48
163 1022 -72
163 1023 -96
163 1024 -144
163 1025 -216
164 1026 -6
164 1027 -12
164 1028 -24
164 1029 -36
164 1030 -48
164 1031 -72
164 1032 -96
164 1033 -144
164 1034 -216
165 1035 -6
165 1036 -12
165 1037 -24
165 1038 -36
165 1039 -48
165 1040 -72
165 1041 -96
165 1042 -144
165 1043 -216
166 1044 -6
166 1045 -12
166 1046 -24
166 1047 -36
166 1048 -48
166 1049 -72
166 1050 -96
166 1051 -144
166 1052 -216
167 1053 -6
167 1054 -12
167 1055 -24
167 1056 -36
167 1057 -48
167 1058 -72
167 1059 -96
167 1060 -144
167 1061 -216
168 1062 -6
168 1063 -12
168 1064 -24
168 1065 -36
168 1066 -48
168 1067 -72
168 1068 -96
168 1069 -144
168 1070 -216
169 1071 -6
169 1072 -12
169 1073 -24
169 1074 -36
169 1075 -48
169 1076 -72
169 1077 -96
169 1078 -144
169 1079 -216
170 1080 -6
170 1081 -12
170 1082 -24
170 1083 -36
170 1084 -48
170 1085 -72
170 1086 -96
170 1087 -144
170 1088 -216
171 1089 -6
171 1090 -12
171 1091 -24
171 1092 -36
171 1093 -48
171 1094 -72
171 1095 -96
171 1096 -144
171 1097 -216
172 1098 -6
172 1099 -12
172 1100 -24
172 1101 -36
172 1102 -48
172 1103 -72
172 1104 -96
172 1105 -144
172 1106 -216
173 1107 -6
173 1108 -12
173 1109 -24
173 1110 -36
173 1111 -48
173 1112 -72
173 1113 -96
173 1114 -144
173 1115 -216
174 1116 -6
174 1117 -12
174 1118 -24
174 1119 -36
174 1120 -48
174 1121 -72
174 1122 -96
174 1123 -144
174 1124 -216
175 1125 -6
175 1126 -12
175 1127 -24
175 1128 -36
175 1129 -48
175 1130 -72
175 1131 -96
175 1132 -144
175 1133 -216
176 1134 -6
176 1135 -12
176 1136 -24
176 1137 -36
176 1138 -48
176 1139 -72
176 1140 -96
176 1141 -144
176 1142 -216
177 1143 -6
177 1144 -12
177 1145 -24
177 1146 -36
177 1147 -48
177 1148 -72
177 1149 -96
177 1150 -144
177 1151 -216
178 1152 -6
178 1153 -12
178 1154 -24
178 1155 -36
178 1156 -48
178 1157 -72
178 1158 -96
178 1159 -144
178 1160 -216
179 1161 -6
179 1162 -12
179 1163 -24
179 1164 -36
179 1165 -48
179 1166 -72
179 1167 -96
179 1168 -144
179 1169 -216
180 1170 -6
180 1171 -12
180 1172 -24
180 1173 -36
180 1174 -48
180 1175 -72
180 1176 -96
180 1177 -144
180 1178 -216
181 1179 -6
181 1180 -12
181 1181 -24
181 1182 -36
181 1183 -48
181 1184 -72
181 1185 -96
181 1186 -144
181 1187 -216
182 1188 -6
182 1189 -12
182 1190 -24
182 1191 -36
182 1192 -48
182 1193 -72
182 1194 -96
182 1195 -144
182 1196 -216
183 1197 -6
183 1198 -12
183 1199 -24
183 1200 -36
183 1201 -48
183 1202 -72
183 1203 -96
183 1204 -144
183 1205 -216
184 1206 -6
184 1207 -12
184 1208 -24
184 1209 -36
184 1210 -48
184 1211 -72
184 1212 -96
184 1213 -144
184 1214 -216
185 1215 -6
185 1216 -12
185 1217 -24
185 1218 -36
185 1219 -48
185 1220 -72
185 1221 -96
185 1222 -144
185 1223 -216
186 1224 -6
186 1225 -12
186 1226 -24
186 1227 -36
186 1228 -48
186 1229 -72
186 1230 -96
186 1231 -144
186 1232 -216
187 1233 -6
187 1234 -12
187 1235 -24
187 1236 -36
187 1237 -48
187 1238 -72
187 1239 -96
187 1240 -144
187 1241 -216
188 1242 -6
188 1243 -12
188 1244 -24
188 1245 -36
188 1246 -48
188 1247 -72
188 1248 -96
188 1249 -144
188 1250 -216
189 1251 -6
189 1252 -12
189 1253 -24
189 1254 -36
189 1255 -48
189 1256 -72
189 1257 -96
189 1258 -144
189 1259 -216
190 1260 -6
190 1261 -12
190 1262 -24
190 1263 -36
190 1264 -48
190 1265 -72
190 1266 -96
190 1267 -144
190 1268 -216
191 1269 -6
191 1270 -12
191 1271 -24
191 1272 -36
191 1273 -48
191 1274 -72
191 1275 -96
191 1276 -144
191 1277 -216
192 1278 -6
192 1279 -12
192 1280 -24
192 1281 -36
192 1282 -48
192 1283 -72
192 1284 -96
192 1285 -144
192 1286 -216
193 1287 -6
193 1288 -12
193 1289 -24
193 1290 -36
193 1291 -48
193 1292 -72
193 1293 -96
193 1294 -144
193 1295 -216
194 1296 -6
194 1297 -12
194 1298 -24
194 1299 -36
194 1300 -48
194 1301 -72
194 1302 -96
194 1303 -144
194 1304 -216
195 1305 -6
195 1306 -12
195 1307 -24
195 1308 -36
195 1309 -48
195 1310 -72
195 1311 -96
195 1312 -144
195 1313 -216
196 1314 -6
196 1315 -12
196 1316 -24
196 1317 -36
196 1318 -48
196 1319 -72
196 1320 -96
196 1321 -144
196 1322 -216
197 1323 -6
197 1324 -12
197 1325 -24
197 1326 -36
197 1327 -48
197 1328 -72
197 1329 -96
197 1330 -144
197 1331 -216
198 1332 -6
198 1333 -12
198 1334 -24
198 1335 -36
198 1336 -48
198 1337 -72
198 1338 -96
198 1339 -144
198 1340 -216
199 1341 -6
199 1342 -12
199 1343 -24
199 1344 -36
199 1345 -48
199 1346 -72
199 1347 -96
199 1348 -144
199 1349 -216
200 1350 -6
200 1351 -12
200 1352 -24
200 1353 -36
200 1354 -48
200 1355 -72
200 1356 -96
200 1357 -144
200 1358 -216
201 1359 -6
201 1360 -12
201 1361 -24
201 1362 -36
201 1363 -48
201 1364 -72
201 1365 -96
201 1366 -144
201 1367 -216
202 1368 -6
202 1369 -12
202 1370 -24
202 1371 -36
202 1372 -48
202 1373 -72
202 1374 -96
202 1375 -144
202 1376 -216
203 1377 -6
203 1378 -12
203 1379 -24
203 1380 -36
203 1381 -48
203 1382 -72
203 1383 -96
203 1384 -144
203 1385 -216
204 1386 -6
204 1387 -12
204 1388 -24
204 1389 -36
204 1390 -48
204 1391 -72
204 1392 -96
204 1393 -144
204 1394 -216
205 1395 -6
205 1396 -12
205 1397 -24
205 1398 -36
205 1399 -48
205 1400 -72
205 1401 -96
205 1402 -144
205 1403 -216
206 1404 -6
206 1405 -12
206 1406 -24
206 1407 -36
206 1408 -48
206 1409 -72
206 1410 -96
206 1411 -144
206 1412 -216
207 1413 -6
207 1414 -12
207 1415 -24
207 1416 -36
207 1417 -48
207 1418 -72
207 1419 -96
207 1420 -144
207 1421 -216
208 1422 -6
208 1423 -12
208 1424 -24
208 1425 -36
208 1426 -48
208 1427 -72
208 1428 -96
208 1429 -144
208 1430 -216
209 1431 -6
209 1432 -12
209 1433 -24
209 1434 -36
209 1435 -48
209 1436 -72
209 1437 -96
209 1438 -144
209 1439 -216
210 1440 -6
210 1441 -12
210 1442 -24
210 1443 -36
210 1444 -48
210 1445 -72
210 1446 -96
210 1447 -144
210 1448 -216
211 1449 -6
211 1450 -12
211 1451 -24
211 1452 -36
211 1453 -48
211 1454 -72
211 1455 -96
211 1456 -144
211 1457 -216
212 1458 -6
212 1459 -12
212 1460 -24
212 1461 -36
212 1462 -48
212 1463 -72
212 1464 -96
212 1465 -144
212 1466 -216
213 1467 -6
213 1468 -12
213 1469 -24
213 1470 -36
213 1471 -48
213 1472 -72
213 1473 -96
213 1474 -144
213 1475 -216
214 1476 -6
214 1477 -12
214 1478 -24
214 1479 -36
214 1480 -48
214 1481 -72
214 1482 -96
214 1483 -144
214 1484 -216
215 1485 -6
215 1486 -12
215 1487 -24
215 1488 -36
215 1489 -48
215 1490 -72
215 1491 -96
215 1492 -144
215 1493 -216
216 1494 -6
216 1495 -12
216 1496 -24
216 1497 -36
216 1498 -48
216 1499 -72
216 1500 -96
216 1501 -144
216 1502 -216
217 1503 -6
217 1504 -12
217 1505 -24
217 1506 -36
217 1507 -48
217 1508 -72
217 1509 -96
217 1510 -144
217 1511 -216
218 1512 -6
218 1513 -12
218 1514 -24
218 1515 -36
218 1516 -48
218 1517 -72
218 1518 -96
218 1519 -144
218 1520 -216
219 1521 -6
219 1522 -12
219 1523 -24
219 1524 -36
219 1525 -48
219 1526 -72
219 1527 -96
219 1528 -144
219 1529 -216
220 1530 -6
220 1531 -12
220 1532 -24
220 1533 -36
220 1534 -48
220 1535 -72
220 1536 -96
220 1537 -144
220 1538 -216
221 1539 -6
221 1540 -12
221 1541 -24
221 1542 -36
221 1543 -48
221 1544 -72
221 1545 -96
221 1546 -144
221 1547 -216
222 1548 -6
222 1549 -12
222 1550 -24
222 1551 -36
222 1552 -48
222 1553 -72
222 1554 -96
222 1555 -144
222 1556 -216
223 1557 -6
223 1558 -12
223 1559 -24
223 1560 -36
223 1561 -48
223 1562 -72
223 1563 -96
223 1564 -144
223 1565 -216
224 1566 -6
224 1567 -12
224 1568 -24
224 1569 -36
224 1570 -48
224 1571 -72
224 1572 -96
224 1573 -144
224 1574 -216
225 1575 -6
225 1576 -12
225 1577 -24
225 1578 -36
225 1579 -48
225 1580 -72
225 1581 -96
225 1582 -144
225 1583 -216
226 1584 -6
226 1585 -12
226 1586 -24
226 1587 -36
226 1588 -48
226 1589 -72
226 1590 -96
226 1591 -144
226 1592 -216
227 1593 -6
227 1594 -12
227 1595 -24
227 1596 -36
227 1597 -48
227 1598 -72
227 1599 -96
227 1600 -144
227 1601 -216
228 1602 -6
228 1603 -12
228 1604 -24
228 1605 -36
228 1606 -48
228 1607 -72
228 1608 -96
228 1609 -144
228 1610 -216
229 1611 -6
229 1612 -12
229 1613 -24
229 1614 -36
229 1615 -48
229 1616 -72
229 1617 -96
229 1618 -144
229 1619 -216
230 1620 -6
230 1621 -12
230 1622 -24
230 1623 -36
230 1624 -48
230 1625 -72
230 1626 -96
230 1627 -144
230 1628 -216
231 1629 -6
231 1630 -12
231 1631 -24
231 1632 -36
231 1633 -48
231 1634 -72
231 1635 -96
231 1636 -144
231 1637 -216
232 1638 -6
232 1639 -12
232 1640 -24
232 1641 -36
232 1642 -48
232 1643 -72
232 1644 -96
232 1645 -144
232 1646 -216
50 1647 1
3 1647 -1
0 1647 1
51 1648 1
4 1648 -1
0 1648 1
52 1649 1
5 1649 -1
0 1649 1
88 1650 1
18 1650 -1
0 1650 1
151 1651 1
32 1651 -1
0 1651 1
155 1652 1
33 1652 -1
0 1652 1
191 1653 1
31 1653 -1
0 1653 1
203 1654 1
16 1654 -1
0 1654 1
50 1655 1
3 1655 1
0 1655 -1
51 1656 1
4 1656 1
0 1656 -1
52 1657 1
5 1657 1
0 1657 -1
88 1658 1
18 1658 1
0 1658 -1
151 1659 1
32 1659 1
0 1659 -1
155 1660 1
33 1660 1
0 1660 -1
191 1661 1
31 1661 1
0 1661 -1
203 1662 1
16 1662 1
0 1662 -1
53 1663 1
3 1663 -1
1 1663 1
54 1664 1
4 1664 -1
1 1664 1
55 1665 1
5 1665 -1
1 1665 1
120 1666 1
36 1666 -1
1 1666 1
136 1667 1
44 1667 -1
1 1667 1
157 1668 1
41 1668 -1
1 1668 1
185 1669 1
43 1669 -1
1 1669 1
199 1670 1
11 1670 -1
1 1670 1
216 1671 1
39 1671 -1
1 1671 1
53 1672 1
3 1672 1
1 1672 -1
54 1673 1
4 1673 1
1 1673 -1
55 1674 1
5 1674 1
1 1674 -1
120 1675 1
36 1675 1
1 1675 -1
136 1676 1
44 1676 1
1 1676 -1
157 1677 1
41 1677 1
1 1677 -1
185 1678 1
43 1678 1
1 1678 -1
199 1679 1
11 1679 1
1 1679 -1
216 1680 1
39 1680 1
1 1680 -1
56 1681 1
3 1681 -1
2 1681 1
57 1682 1
4 1682 -1
2 1682 1
58 1683 1
5 1683 -1
2 1683 1
162 1684 1
24 1684 -1
2 1684 1
179 1685 1
9 1685 -1
2 1685 1
56 1686 1
3 1686 1
2 1686 -1
57 1687 1
4 1687 1
2 1687 -1
58 1688 1
5 1688 1
2 1688 -1
162 1689 1
24 1689 1
2 1689 -1
179 1690 1
9 1690 1
2 1690 -1
106 1691 1
29 1691 -1
3 1691 1
160 1692 1
42 1692 -1
3 1692 1
173 1693 1
5 1693 -1
3 1693 1
193 1694 1
20 1694 -1
3 1694 1
106 1695 1
29 1695 1
3 1695 -1
160 1696 1
42 1696 1
3 1696 -1
173 1697 1
5 1697 1
3 1697 -1
193 1698 1
20 1698 1
3 1698 -1
110 1699 1
31 1699 -1
4 1699 1
116 1700 1
34 1700 -1
4 1700 1
161 1701 1
33 1701 -1
4 1701 1
207 1702 1
23 1702 -1
4 1702 1
110 1703 1
31 1703 1
4 1703 -1
116 1704 1
34 1704 1
4 1704 -1
161 1705 1
33 1705 1
4 1705 -1
207 1706 1
23 1706 1
4 1706 -1
89 1707 1
6 1707 -1
5 1707 1
169 1708 1
38 1708 -1
5 1708 1
186 1709 1
46 1709 -1
5 1709 1
200 1710 1
34 1710 -1
5 1710 1
213 1711 1
33 1711 -1
5 1711 1
223 1712 1
13 1712 -1
5 1712 1
226 1713 1
29 1713 -1
5 1713 1
89 1714 1
6 1714 1
5 1714 -1
169 1715 1
38 1715 1
5 1715 -1
186 1716 1
46 1716 1
5 1716 -1
200 1717 1
34 1717 1
5 1717 -1
213 1718 1
33 1718 1
5 1718 -1
223 1719 1
13 1719 1
5 1719 -1
226 1720 1
29 1720 1
5 1720 -1
59 1721 1
9 1721 -1
6 1721 1
60 1722 1
10 1722 -1
6 1722 1
61 1723 1
11 1723 -1
6 1723 1
94 1724 1
23 1724 -1
6 1724 1
98 1725 1
25 1725 -1
6 1725 1
108 1726 1
30 1726 -1
6 1726 1
122 1727 1
37 1727 -1
6 1727 1
187 1728 1
8 1728 -1
6 1728 1
197 1729 1
7 1729 -1
6 1729 1
59 1730 1
9 1730 1
6 1730 -1
60 1731 1
10 1731 1
6 1731 -1
61 1732 1
11 1732 1
6 1732 -1
94 1733 1
23 1733 1
6 1733 -1
98 1734 1
25 1734 1
6 1734 -1
108 1735 1
30 1735 1
6 1735 -1
122 1736 1
37 1736 1
6 1736 -1
187 1737 1
8 1737 1
6 1737 -1
197 1738 1
7 1738 1
6 1738 -1
62 1739 1
9 1739 -1
7 1739 1
63 1740 1
10 1740 -1
7 1740 1
64 1741 1
11 1741 -1
7 1741 1
102 1742 1
27 1742 -1
7 1742 1
196 1743 1
38 1743 -1
7 1743 1
201 1744 1
47 1744 -1
7 1744 1
215 1745 1
37 1745 -1
7 1745 1
219 1746 1
36 1746 -1
7 1746 1
232 1747 1
33 1747 -1
7 1747 1
62 1748 1
9 1748 1
7 1748 -1
63 1749 1
10 1749 1
7 1749 -1
64 1750 1
11 1750 1
7 1750 -1
102 1751 1
27 1751 1
7 1751 -1
196 1752 1
38 1752 1
7 1752 -1
201 1753 1
47 1753 1
7 1753 -1
215 1754 1
37 1754 1
7 1754 -1
219 1755 1
36 1755 1
7 1755 -1
232 1756 1
33 1756 1
7 1756 -1
65 1757 1
9 1757 -1
8 1757 1
66 1758 1
10 1758 -1
8 1758 1
67 1759 1
11 1759 -1
8 1759 1
65 1760 1
9 1760 1
8 1760 -1
66 1761 1
10 1761 1
8 1761 -1
67 1762 1
11 1762 1
8 1762 -1
114 1763 1
33 1763 -1
9 1763 1
118 1764 1
35 1764 -1
9 1764 1
180 1765 1
10 1765 -1
9 1765 1
192 1766 1
26 1766 -1
9 1766 1
114 1767 1
33 1767 1
9 1767 -1
118 1768 1
35 1768 1
9 1768 -1
180 1769 1
10 1769 1
9 1769 -1
192 1770 1
26 1770 1
9 1770 -1
156 1771 1
17 1771 -1
10 1771 1
168 1772 1
11 1772 -1
10 1772 1
221 1773 1
39 1773 -1
10 1773 1
156 1774 1
17 1774 1
10 1774 -1
168 1775 1
11 1775 1
10 1775 -1
221 1776 1
39 1776 1
10 1776 -1
90 1777 1
13 1777 -1
11 1777 1
134 1778 1
43 1778 -1
11 1778 1
152 1779 1
34 1779 -1
11 1779 1
202 1780 1
33 1780 -1
11 1780 1
217 1781 1
25 1781 -1
11 1781 1
90 1782 1
13 1782 1
11 1782 -1
134 1783 1
43 1783 1
11 1783 -1
152 1784 1
34 1784 1
11 1784 -1
202 1785 1
33 1785 1
11 1785 -1
217 1786 1
25 1786 1
11 1786 -1
68 1787 1
13 1787 -1
12 1787 1
69 1788 1
14 1788 -1
12 1788 1
70 1789 1
15 1789 -1
12 1789 1
71 1790 1
16 1790 -1
12 1790 1
91 1791 1
19 1791 -1
12 1791 1
167 1792 1
38 1792 -1
12 1792 1
204 1793 1
22 1793 -1
12 1793 1
222 1794 1
26 1794 -1
12 1794 1
230 1795 1
41 1795 -1
12 1795 1
68 1796 1
13 1796 1
12 1796 -1
69 1797 1
14 1797 1
12 1797 -1
70 1798 1
15 1798 1
12 1798 -1
71 1799 1
16 1799 1
12 1799 -1
91 1800 1
19 1800 1
12 1800 -1
167 1801 1
38 1801 1
12 1801 -1
204 1802 1
22 1802 1
12 1802 -1
222 1803 1
26 1803 1
12 1803 -1
230 1804 1
41 1804 1
12 1804 -1
72 1805 1
14 1805 -1
13 1805 1
73 1806 1
15 1806 -1
13 1806 1
74 1807 1
16 1807 -1
13 1807 1
124 1808 1
38 1808 -1
13 1808 1
140 1809 1
46 1809 -1
13 1809 1
144 1810 1
48 1810 -1
13 1810 1
148 1811 1
37 1811 -1
13 1811 1
178 1812 1
30 1812 -1
13 1812 1
206 1813 1
45 1813 -1
13 1813 1
72 1814 1
14 1814 1
13 1814 -1
73 1815 1
15 1815 1
13 1815 -1
74 1816 1
16 1816 1
13 1816 -1
124 1817 1
38 1817 1
13 1817 -1
140 1818 1
46 1818 1
13 1818 -1
144 1819 1
48 1819 1
13 1819 -1
148 1820 1
37 1820 1
13 1820 -1
178 1821 1
30 1821 1
13 1821 -1
206 1822 1
45 1822 1
13 1822 -1
75 1823 1
15 1823 -1
14 1823 1
76 1824 1
16 1824 -1
14 1824 1
132 1825 1
42 1825 -1
14 1825 1
149 1826 1
26 1826 -1
14 1826 1
177 1827 1
19 1827 -1
14 1827 1
182 1828 1
31 1828 -1
14 1828 1
220 1829 1
22 1829 -1
14 1829 1
75 1830 1
15 1830 1
14 1830 -1
76 1831 1
16 1831 1
14 1831 -1
132 1832 1
42 1832 1
14 1832 -1
149 1833 1
26 1833 1
14 1833 -1
177 1834 1
19 1834 1
14 1834 -1
182 1835 1
31 1835 1
14 1835 -1
220 1836 1
22 1836 1
14 1836 -1
77 1837 1
16 1837 -1
15 1837 1
100 1838 1
26 1838 -1
15 1838 1
164 1839 1
24 1839 -1
15 1839 1
218 1840 1
48 1840 -1
15 1840 1
77 1841 1
16 1841 1
15 1841 -1
100 1842 1
26 1842 1
15 1842 -1
164 1843 1
24 1843 1
15 1843 -1
218 1844 1
48 1844 1
15 1844 -1
138 1845 1
45 1845 -1
16 1845 1
174 1846 1
33 1846 -1
16 1846 1
189 1847 1
32 1847 -1
16 1847 1
138 1848 1
45 1848 1
16 1848 -1
174 1849 1
33 1849 1
16 1849 -1
189 1850 1
32 1850 1
16 1850 -1
78 1851 1
18 1851 -1
17 1851 1
79 1852 1
19 1852 -1
17 1852 1
80 1853 1
20 1853 -1
17 1853 1
81 1854 1
21 1854 -1
17 1854 1
92 1855 1
22 1855 -1
17 1855 1
126 1856 1
39 1856 -1
17 1856 1
130 1857 1
41 1857 -1
17 1857 1
146 1858 1
49 1858 -1
17 1858 1
224 1859 1
35 1859 -1
17 1859 1
231 1860 1
46 1860 -1
17 1860 1
78 1861 1
18 1861 1
17 1861 -1
79 1862 1
19 1862 1
17 1862 -1
80 1863 1
20 1863 1
17 1863 -1
81 1864 1
21 1864 1
17 1864 -1
92 1865 1
22 1865 1
17 1865 -1
126 1866 1
39 1866 1
17 1866 -1
130 1867 1
41 1867 1
17 1867 -1
146 1868 1
49 1868 1
17 1868 -1
224 1869 1
35 1869 1
17 1869 -1
231 1870 1
46 1870 1
17 1870 -1
82 1871 1
19 1871 -1
18 1871 1
83 1872 1
20 1872 -1
18 1872 1
84 1873 1
21 1873 -1
18 1873 1
96 1874 1
24 1874 -1
18 1874 1
112 1875 1
32 1875 -1
18 1875 1
82 1876 1
19 1876 1
18 1876 -1
83 1877 1
20 1877 1
18 1877 -1
84 1878 1
21 1878 1
18 1878 -1
96 1879 1
24 1879 1
18 1879 -1
112 1880 1
32 1880 1
18 1880 -1
85 1881 1
20 1881 -1
19 1881 1
86 1882 1
21 1882 -1
19 1882 1
104 1883 1
28 1883 -1
19 1883 1
142 1884 1
47 1884 -1
19 1884 1
166 1885 1
26 1885 -1
19 1885 1
195 1886 1
41 1886 -1
19 1886 1
85 1887 1
20 1887 1
19 1887 -1
86 1888 1
21 1888 1
19 1888 -1
104 1889 1
28 1889 1
19 1889 -1
142 1890 1
47 1890 1
19 1890 -1
166 1891 1
26 1891 1
19 1891 -1
195 1892 1
41 1892 1
19 1892 -1
87 1893 1
21 1893 -1
20 1893 1
128 1894 1
40 1894 -1
20 1894 1
87 1895 1
21 1895 1
20 1895 -1
128 1896 1
40 1896 1
20 1896 -1
147 1897 1
49 1897 -1
21 1897 1
188 1898 1
24 1898 -1
21 1898 1
147 1899 1
49 1899 1
21 1899 -1
188 1900 1
24 1900 1
21 1900 -1
93 1901 1
26 1901 -1
22 1901 1
209 1902 1
38 1902 -1
22 1902 1
93 1903 1
26 1903 1
22 1903 -1
209 1904 1
38 1904 1
22 1904 -1
95 1905 1
40 1905 -1
23 1905 1
150 1906 1
47 1906 -1
23 1906 1
163 1907 1
36 1907 -1
23 1907 1
184 1908 1
35 1908 -1
23 1908 1
95 1909 1
40 1909 1
23 1909 -1
150 1910 1
47 1910 1
23 1910 -1
163 1911 1
36 1911 1
23 1911 -1
184 1912 1
35 1912 1
23 1912 -1
97 1913 1
31 1913 -1
24 1913 1
205 1914 1
48 1914 -1
24 1914 1
97 1915 1
31 1915 1
24 1915 -1
205 1916 1
48 1916 1
24 1916 -1
99 1917 1
47 1917 -1
25 1917 1
175 1918 1
30 1918 -1
25 1918 1
99 1919 1
47 1919 1
25 1919 -1
175 1920 1
30 1920 1
25 1920 -1
101 1921 1
33 1921 -1
26 1921 1
170 1922 1
36 1922 -1
26 1922 1
210 1923 1
39 1923 -1
26 1923 1
214 1924 1
27 1924 -1
26 1924 1
101 1925 1
33 1925 1
26 1925 -1
170 1926 1
36 1926 1
26 1926 -1
210 1927 1
39 1927 1
26 1927 -1
214 1928 1
27 1928 1
26 1928 -1
103 1929 1
31 1929 -1
27 1929 1
158 1930 1
32 1930 -1
27 1930 1
165 1931 1
33 1931 -1
27 1931 1
190 1932 1
44 1932 -1
27 1932 1
225 1933 1
49 1933 -1
27 1933 1
103 1934 1
31 1934 1
27 1934 -1
158 1935 1
32 1935 1
27 1935 -1
165 1936 1
33 1936 1
27 1936 -1
190 1937 1
44 1937 1
27 1937 -1
225 1938 1
49 1938 1
27 1938 -1
105 1939 1
40 1939 -1
28 1939 1
159 1940 1
42 1940 -1
28 1940 1
181 1941 1
29 1941 -1
28 1941 1
212 1942 1
41 1942 -1
28 1942 1
105 1943 1
40 1943 1
28 1943 -1
159 1944 1
42 1944 1
28 1944 -1
181 1945 1
29 1945 1
28 1945 -1
212 1946 1
41 1946 1
28 1946 -1
107 1947 1
42 1947 -1
29 1947 1
208 1948 1
34 1948 -1
29 1948 1
107 1949 1
42 1949 1
29 1949 -1
208 1950 1
34 1950 1
29 1950 -1
109 1951 1
46 1951 -1
30 1951 1
172 1952 1
35 1952 -1
30 1952 1
211 1953 1
38 1953 -1
30 1953 1
109 1954 1
46 1954 1
30 1954 -1
172 1955 1
35 1955 1
30 1955 -1
211 1956 1
38 1956 1
30 1956 -1
111 1957 1
41 1957 -1
31 1957 1
198 1958 1
38 1958 -1
31 1958 1
111 1959 1
41 1959 1
31 1959 -1
198 1960 1
38 1960 1
31 1960 -1
113 1961 1
46 1961 -1
32 1961 1
153 1962 1
49 1962 -1
32 1962 1
113 1963 1
46 1963 1
32 1963 -1
153 1964 1
49 1964 1
32 1964 -1
115 1965 1
48 1965 -1
33 1965 1
115 1966 1
48 1966 1
33 1966 -1
117 1967 1
46 1967 -1
34 1967 1
183 1968 1
43 1968 -1
34 1968 1
117 1969 1
46 1969 1
34 1969 -1
183 1970 1
43 1970 1
34 1970 -1
119 1971 1
42 1971 -1
35 1971 1
119 1972 1
42 1972 1
35 1972 -1
121 1973 1
38 1973 -1
36 1973 1
176 1974 1
40 1974 -1
36 1974 1
229 1975 1
45 1975 -1
36 1975 1
121 1976 1
38 1976 1
36 1976 -1
176 1977 1
40 1977 1
36 1977 -1
229 1978 1
45 1978 1
36 1978 -1
123 1979 1
45 1979 -1
37 1979 1
171 1980 1
46 1980 -1
37 1980 1
194 1981 1
44 1981 -1
37 1981 1
123 1982 1
45 1982 1
37 1982 -1
171 1983 1
46 1983 1
37 1983 -1
194 1984 1
44 1984 1
37 1984 -1
125 1985 1
49 1985 -1
38 1985 1
154 1986 1
45 1986 -1
38 1986 1
125 1987 1
49 1987 1
38 1987 -1
154 1988 1
45 1988 1
38 1988 -1
127 1989 1
49 1989 -1
39 1989 1
227 1990 1
42 1990 -1
39 1990 1
127 1991 1
49 1991 1
39 1991 -1
227 1992 1
42 1992 1
39 1992 -1
129 1993 1
46 1993 -1
40 1993 1
129 1994 1
46 1994 1
40 1994 -1
131 1995 1
46 1995 -1
41 1995 1
131 1996 1
46 1996 1
41 1996 -1
133 1997 1
49 1997 -1
42 1997 1
133 1998 1
49 1998 1
42 1998 -1
135 1999 1
48 1999 -1
43 1999 1
228 2000 1
45 2000 -1
43 2000 1
135 2001 1
48 2001 1
43 2001 -1
228 2002 1
45 2002 1
43 2002 -1
137 2003 1
46 2003 -1
44 2003 1
137 2004 1
46 2004 1
44 2004 -1
139 2005 1
48 2005 -1
45 2005 1
139 2006 1
48 2006 1
45 2006 -1
141 2007 1
47 2007 -1
46 2007 1
141 2008 1
47 2008 1
46 2008 -1
143 2009 1
49 2009 -1
47 2009 1
143 2010 1
49 2010 1
47 2010 -1
145 2011 1
49 2011 -1
48 2011 1
145 2012 1
49 2012 1
48 2012 -1
0 2013 1
1 2014 1
2 2015 1
3 2016 1
4 2017 1
5 2018 1
6 2019 1
7 2020 1
8 2021 1
9 2022 1
10 2023 1
11 2024 1
12 2025 1
13 2026 1
14 2027 1
15 2028 1
16 2029 1
17 2030 1
18 2031 1
19 2032 1
20 2033 1
21 2034 1
22 2035 1
23 2036 1
24 2037 1
25 2038 1
26 2039 1
27 2040 1
28 2041 1
29 2042 1
30 2043 1
31 2044 1
32 2045 1
33 2046 1
34 2047 1
35 2048 1
36 2049 1
37 2050 1
38 2051 1
39 2052 1
40 2053 1
41 2054 1
42 2055 1
43 2056 1
44 2057 1
45 2058 1
46 2059 1
47 2060 1
48 2061 1
49 2062 1
50 2063 1
51 2064 1
52 2065 1
53 2066 1
54 2067 1
55 2068 1
56 2069 1
57 2070 1
58 2071 1
59 2072 1
60 2073 1
61 2074 1
62 2075 1
63 2076 1
64 2077 1
65 2078 1
66 2079 1
67 2080 1
68 2081 1
69 2082 1
70 2083 1
71 2084 1
72 2085 1
73 2086 1
74 2087 1
75 2088 1
76 2089 1
77 2090 1
78 2091 1
79 2092 1
80 2093 1
81 2094 1
82 2095 1
83 2096 1
84 2097 1
85 2098 1
86 2099 1
87 2100 1
88 2101 1
89 2102 1
90 2103 1
91 2104 1
92 2105 1
93 2106 1
94 2107 1
95 2108 1
96 2109 1
97 2110 1
98 2111 1
99 2112 1
100 2113 1
101 2114 1
102 2115 1
103 2116 1
104 2117 1
105 2118 1
106 2119 1
107 2120 1
108 2121 1
109 2122 1
110 2123 1
111 2124 1
112 2125 1
113 2126 1
114 2127 1
115 2128 1
116 2129 1
117 2130 1
118 2131 1
119 2132 1
120 2133 1
121 2134 1
122 2135 1
123 2136 1
124 2137 1
125 2138 1
126 2139 1
127 2140 1
128 2141 1
129 2142 1
130 2143 1
131 2144 1
132 2145 1
133 2146 1
134 2147 1
135 2148 1
136 2149 1
137 2150 1
138 2151 1
139 2152 1
140 2153 1
141 2154 1
142 2155 1
143 2156 1
144 2157 1
145 2158 1
146 2159 1
147 2160 1
148 2161 1
149 2162 1
150 2163 1
151 2164 1
152 2165 1
153 2166 1
154 2167 1
155 2168 1
156 2169 1
157 2170 1
158 2171 1
159 2172 1
160 2173 1
161 2174 1
162 2175 1
163 2176 1
164 2177 1
165 2178 1
166 2179 1
167 2180 1
168 2181 1
169 2182 1
170 2183 1
171 2184 1
172 2185 1
173 2186 1
174 2187 1
175 2188 1
176 2189 1
177 2190 1
178 2191 1
179 2192 1
180 2193 1
181 2194 1
182 2195 1
183 2196 1
184 2197 1
185 2198 1
186 2199 1
187 2200 1
188 2201 1
189 2202 1
190 2203 1
191 2204 1
192 2205 1
193 2206 1
194 2207 1
195 2208 1
196 2209 1
197 2210 1
198 2211 1
199 2212 1
200 2213 1
201 2214 1
202 2215 1
203 2216 1
204 2217 1
205 2218 1
206 2219 1
207 2220 1
208 2221 1
209 2222 1
210 2223 1
211 2224 1
212 2225 1
213 2226 1
214 2227 1
215 2228 1
216 2229 1
217 2230 1
218 2231 1
219 2232 1
220 2233 1
221 2234 1
222 2235 1
223 2236 1
224 2237 1
225 2238 1
226 2239 1
227 2240 1
228 2241 1
229 2242 1
230 2243 1
231 2244 1
232 2245 1
