233 233 375
1
1
1
1
1
1
1
1
1
1
1
1
1
1
1
1
1
1
1
1
1
1
1
1
1
1
1
1
1
1
1
1
1
1
1
1
1
1
1
1
1
1
1
1
1
1
1
1
1
1
1
1
1
1
1
1
1
1
1
1
1
1
1
1
1
1
1
1
1
1
1
1
1
1
1
1
1
1
1
1
1
1
1
1
1
1
1
1
1
1
1
1
1
1
1
1
1
1
1
1
1
1
1
1
1
1
1
1
1
1
1
1
1
1
1
1
1
1
1
1
1
1
1
1
1
1
1
1
1
1
1
1
1
1
1
1
1
1
1
1
1
1
1
1
1
1
1
1
1
1
1
1
1
1
1
1
1
1
1
1
1
1
1
1
1
1
1
1
1
1
1
1
1
1
1
1
1
1
1
1
1
1
1
1
1
1
1
1
1
1
1
1
1
1
1
1
1
1
1
1
1
1
1
1
1
1
1
1
1
1
1
1
1
1
1
1
1
1
1
1
1
1
1
1
1
1
1
1
1
1
1
1
1
156 0 1
17 0 -1
10 0 1
163 1 1
36 1 -1
23 1 1
101 2 1
33 2 -1
26 2 1
112 3 1
32 3 1
18 3 -1
85 4 1
20 4 -1
19 4 1
86 5 1
21 5 -1
19 5 1
105 6 1
40 6 1
28 6 -1
171 7 1
46 7 -1
37 7 1
113 8 1
46 8 -1
32 8 1
78 9 -144
172 10 1
35 10 1
30 10 -1
87 11 -144
230 12 -144
70 13 1
15 13 1
12 13 -1
51 14 1
61 15 1
85 16 1
20 16 1
19 16 -1
75 17 1
104 18 1
28 18 -1
19 18 1
114 19 -144
92 20 1
203 21 -144
65 22 1
217 23 -144
135 24 1
203 25 1
16 25 -1
0 25 1
181 26 1
29 26 -1
28 26 1
184 27 -144
85 28 -144
176 29 -144
111 30 1
41 30 1
31 30 -1
195 31 1
41 31 -1
19 31 1
142 32 1
47 32 -1
19 32 1
166 33 1
26 33 -1
19 33 1
212 34 1
41 34 1
28 34 -1
191 35 1
146 36 1
198 37 1
38 37 1
31 37 -1
163 38 1
128 39 1
220 40 1
166 41 1
164 42 1
54 43 -144
95 44 1
40 44 1
23 44 -1
123 45 1
212 46 1
41 46 -1
28 46 1
229 47 1
136 48 1
188 49 1
76 50 -144
77 51 -144
159 52 1
42 52 -1
28 52 1
128 53 1
40 53 1
20 53 -1
150 54 1
47 54 -1
23 54 1
79 55 -144
205 56 1
48 56 -1
24 56 1
175 57 1
30 57 1
25 57 -1
99 58 1
47 58 -1
25 58 1
109 59 1
46 59 1
30 59 -1
139 60 1
48 60 1
45 60 -1
211 61 1
38 61 1
30 61 -1
194 62 1
44 62 -1
37 62 1
121 63 1
38 63 -1
36 63 1
171 64 1
46 64 1
37 64 -1
129 65 1
46 65 -1
40 65 1
57 66 -36
131 67 1
46 67 -1
41 67 1
7 68 1
8 69 1
9 70 1
97 71 -144
34 72 1
26 73 1
100 74 -144
43 75 1
46 76 1
103 77 -144
81 78 1
82 79 1
83 80 1
74 81 1
108 82 -144
109 83 -144
110 84 -144
107 85 1
102 86 1
113 87 1
112 88 -144
115 89 -144
143 90 1
49 90 1
47 90 -1
11 91 1
90 92 1
135 93 1
48 93 -1
43 93 1
120 94 -144
154 95 1
45 95 1
38 95 -1
94 96 1
123 97 -144
124 98 -144
176 99 1
40 99 1
36 99 -1
62 100 1
141 101 1
229 102 1
45 102 -1
36 102 1
129 103 -144
109 104 1
125 105 1
214 106 1
27 106 1
26 106 -1
169 107 1
172 108 1
171 109 1
190 110 1
44 110 -1
27 110 1
177 111 1
95 112 1
183 113 1
140 114 -144
185 115 1
225 116 1
49 116 -1
27 116 1
187 117 1
133 118 1
49 118 -1
42 118 1
103 119 1
31 119 -1
27 119 1
184 120 1
35 120 -1
23 120 1
196 121 1
199 122 1
229 123 1
45 123 1
36 123 -1
37 124 1
119 125 1
86 126 1
133 127 1
49 127 1
42 127 -1
114 128 1
213 129 1
87 130 1
110 131 1
31 131 -1
4 131 1
45 132 1
217 133 1
145 134 1
49 134 -1
48 134 1
215 135 1
201 136 1
223 137 1
225 138 1
231 139 -144
38 140 1
228 141 1
110 142 1
126 143 1
30 144 1
232 145 1
88 146 1
182 147 1
40 148 1
102 149 -144
139 150 1
177 151 -144
4 152 1
158 153 1
206 154 1
181 155 -144
137 156 1
46 156 1
44 156 -1
150 157 1
47 157 1
23 157 -1
155 158 1
205 159 1
160 160 1
103 161 1
31 161 1
27 161 -1
210 162 1
39 162 -1
26 162 1
195 163 1
59 164 1
156 165 1
111 166 1
70 167 1
15 167 -1
12 167 1
209 168 1
124 169 1
127 170 1
200 171 1
134 172 -144
158 173 1
32 173 -1
27 173 1
66 174 1
140 175 1
69 176 -72
47 177 1
41 178 1
69 179 -216
97 180 1
31 180 -1
24 180 1
207 181 -144
55 182 1
219 183 1
89 184 1
163 185 1
36 185 1
23 185 -1
141 186 1
47 186 1
46 186 -1
127 187 1
49 187 1
39 187 -1
118 188 1
67 189 1
157 190 1
137 191 -144
144 192 1
165 193 1
33 193 -1
27 193 1
71 194 -72
112 195 1
125 196 1
49 196 -1
38 196 1
153 197 1
49 197 -1
32 197 1
180 198 1
184 199 1
35 199 1
23 199 -1
226 200 -144
125 201 -144
228 202 -144
229 203 -144
53 204 1
195 205 -144
72 206 -216
158 207 1
32 207 1
27 207 -1
170 208 1
42 209 1
73 210 -36
176 211 1
231 212 1
46 212 1
17 212 -1
159 213 1
42 213 1
28 213 -1
24 214 1
73 215 -216
86 216 -144
1 217 1
60 218 1
74 219 -36
49 220 1
152 221 -144
14 222 1
181 223 1
29 223 1
28 223 -1
192 224 1
75 225 -6
132 226 1
42 226 -1
14 226 1
210 227 1
160 228 -144
197 229 1
21 230 1
78 231 1
222 232 -144
