233 233 583
1
1
1
1
1
1
1
1
1
1
1
1
1
1
1
1
1
1
1
1
1
1
1
1
1
1
1
1
1
1
1
1
1
1
1
1
1
1
1
1
1
1
1
1
1
1
1
1
1
1
1
1
1
1
1
1
1
1
1
1
1
1
1
1
1
1
1
1
1
1
1
1
1
1
1
1
1
1
1
1
1
1
1
1
1
1
1
1
1
1
1
1
1
1
1
1
1
1
1
1
1
1
1
1
1
1
1
1
1
1
1
1
1
1
1
1
1
1
1
1
1
1
1
1
1
1
1
1
1
1
1
1
1
1
1
1
1
1
1
1
1
1
1
1
1
1
1
1
1
1
1
1
1
1
1
1
1
1
1
1
1
1
1
1
1
1
1
1
1
1
1
1
1
1
1
1
1
1
1
1
1
1
1
1
1
1
1
1
1
1
1
1
1
1
1
1
1
1
1
1
1
1
1
1
1
1
1
1
1
1
1
1
1
1
1
1
1
1
1
1
1
1
1
1
1
1
1
1
1
1
1
1
1
50 0 -216
51 1 -216
52 2 -216
53 3 -216
59 4 -216
60 5 -216
61 6 -216
71 7 -216
74 8 -216
76 9 -216
77 10 -216
82 11 -216
83 12 -216
84 13 -216
86 14 -216
88 15 -216
89 16 -216
94 17 -216
97 18 -216
98 19 -216
99 20 -216
103 21 -216
108 22 -216
111 23 -216
114 24 -216
126 25 -216
134 26 -216
150 27 -216
151 28 -216
155 29 -216
158 30 -216
169 31 -216
177 32 -216
181 33 -216
191 34 -216
196 35 -216
200 36 -216
202 37 -216
203 38 -216
204 39 -216
205 40 -216
207 41 -216
212 42 -216
220 43 -216
222 44 -216
223 45 -216
226 46 -216
231 47 -216
50 48 1
3 48 -1
0 48 1
51 49 1
4 49 -1
0 49 1
52 50 1
5 50 -1
0 50 1
88 51 1
18 51 -1
0 51 1
151 52 1
32 52 -1
0 52 1
174 53 -216
191 54 1
31 54 -1
0 54 1
203 55 1
16 55 -1
0 55 1
53 56 1
3 56 -1
1 56 1
54 57 1
4 57 1
1 57 -1
55 58 1
5 58 1
1 58 -1
120 59 1
36 59 1
1 59 -1
136 60 1
44 60 1
1 60 -1
157 61 1
41 61 1
1 61 -1
185 62 1
43 62 1
1 62 -1
199 63 1
11 63 1
1 63 -1
216 64 1
39 64 1
1 64 -1
56 65 1
3 65 -1
2 65 1
162 66 1
24 66 -1
2 66 1
57 67 1
4 67 1
2 67 -1
58 68 1
5 68 1
2 68 -1
179 69 1
9 69 1
2 69 -1
106 70 1
29 70 1
3 70 -1
160 71 1
42 71 1
3 71 -1
173 72 1
5 72 1
3 72 -1
193 73 1
20 73 1
3 73 -1
110 74 1
31 74 -1
4 74 1
116 75 1
34 75 -1
4 75 1
161 76 1
33 76 -1
4 76 1
207 77 1
23 77 -1
4 77 1
89 78 1
6 78 -1
5 78 1
169 79 1
38 79 -1
5 79 1
186 80 1
46 80 -1
5 80 1
200 81 1
34 81 -1
5 81 1
213 82 1
33 82 -1
5 82 1
223 83 1
13 83 -1
5 83 1
226 84 1
29 84 -1
5 84 1
59 85 1
9 85 -1
6 85 1
60 86 1
10 86 -1
6 86 1
61 87 1
11 87 -1
6 87 1
108 88 1
30 88 -1
6 88 1
122 89 1
37 89 -1
6 89 1
187 90 1
8 90 -1
6 90 1
197 91 1
7 91 -1
6 91 1
63 92 1
10 92 -1
7 92 1
102 93 1
27 93 -1
7 93 1
201 94 1
47 94 -1
7 94 1
215 95 1
37 95 -1
7 95 1
232 96 1
33 96 -1
7 96 1
62 97 1
9 97 1
7 97 -1
64 98 1
11 98 1
7 98 -1
196 99 1
38 99 1
7 99 -1
219 100 1
36 100 1
7 100 -1
66 101 1
10 101 -1
8 101 1
65 102 1
9 102 1
8 102 -1
67 103 1
11 103 1
8 103 -1
118 104 1
35 104 -1
9 104 1
180 105 1
10 105 -1
9 105 1
192 106 1
26 106 -1
9 106 1
156 107 1
17 107 -1
10 107 1
221 108 1
39 108 -1
10 108 1
168 109 1
11 109 1
10 109 -1
90 110 1
13 110 -1
11 110 1
134 111 1
43 111 -1
11 111 1
217 112 1
25 112 -1
11 112 1
152 113 1
34 113 1
11 113 -1
68 114 1
13 114 -1
12 114 1
69 115 1
14 115 -1
12 115 1
70 116 1
15 116 -1
12 116 1
91 117 1
19 117 -1
12 117 1
222 118 1
26 118 -1
12 118 1
167 119 1
38 119 1
12 119 -1
230 120 1
41 120 1
12 120 -1
73 121 1
15 121 -1
13 121 1
144 122 1
48 122 -1
13 122 1
72 123 1
14 123 1
13 123 -1
124 124 1
38 124 1
13 124 -1
140 125 1
46 125 1
13 125 -1
148 126 1
37 126 1
13 126 -1
178 127 1
30 127 1
13 127 -1
206 128 1
45 128 1
13 128 -1
75 129 1
15 129 -1
14 129 1
132 130 1
42 130 -1
14 130 1
149 131 1
26 131 -1
14 131 1
177 132 1
19 132 -1
14 132 1
220 133 1
22 133 -1
14 133 1
76 134 1
16 134 1
14 134 -1
149 135 1
26 135 1
14 135 -1
182 136 1
31 136 1
14 136 -1
164 137 1
24 137 -1
15 137 1
218 138 1
48 138 -1
15 138 1
77 139 1
16 139 1
15 139 -1
100 140 1
26 140 1
15 140 -1
138 141 1
45 141 -1
16 141 1
174 142 1
33 142 -1
16 142 1
189 143 1
32 143 -1
16 143 1
81 144 1
21 144 -1
17 144 1
92 145 1
22 145 -1
17 145 1
146 146 1
49 146 -1
17 146 1
78 147 1
18 147 1
17 147 -1
79 148 1
19 148 1
17 148 -1
80 149 1
20 149 1
17 149 -1
126 150 1
39 150 1
17 150 -1
130 151 1
41 151 1
17 151 -1
146 152 1
49 152 1
17 152 -1
224 153 1
35 153 1
17 153 -1
231 154 1
46 154 1
17 154 -1
83 155 1
20 155 -1
18 155 1
96 156 1
24 156 -1
18 156 1
112 157 1
32 157 -1
18 157 1
86 158 1
21 158 -1
19 158 1
85 159 1
20 159 1
19 159 -1
104 160 1
28 160 1
19 160 -1
142 161 1
47 161 1
19 161 -1
166 162 1
26 162 1
19 162 -1
195 163 1
41 163 1
19 163 -1
87 164 1
21 164 -1
20 164 1
128 165 1
40 165 -1
20 165 1
188 166 1
24 166 -1
21 166 1
147 167 1
49 167 1
21 167 -1
93 168 1
26 168 1
22 168 -1
209 169 1
38 169 1
22 169 -1
95 170 1
40 170 -1
23 170 1
150 171 1
47 171 -1
23 171 1
163 172 1
36 172 -1
23 172 1
184 173 1
35 173 -1
23 173 1
97 174 1
31 174 1
24 174 -1
205 175 1
48 175 1
24 175 -1
99 176 1
47 176 1
25 176 -1
175 177 1
30 177 1
25 177 -1
101 178 1
33 178 -1
26 178 1
210 179 1
39 179 -1
26 179 1
214 180 1
27 180 -1
26 180 1
170 181 1
36 181 1
26 181 -1
158 182 1
32 182 1
27 182 -1
165 183 1
33 183 1
27 183 -1
190 184 1
44 184 1
27 184 -1
225 185 1
49 185 1
27 185 -1
159 186 1
42 186 -1
28 186 1
105 187 1
40 187 1
28 187 -1
159 188 1
42 188 1
28 188 -1
212 189 1
41 189 1
28 189 -1
107 190 1
42 190 1
29 190 -1
208 191 1
34 191 1
29 191 -1
109 192 1
46 192 -1
30 192 1
172 193 1
35 193 -1
30 193 1
211 194 1
38 194 1
30 194 -1
111 195 1
41 195 -1
31 195 1
198 196 1
38 196 1
31 196 -1
153 197 1
49 197 -1
32 197 1
113 198 1
46 198 1
32 198 -1
115 199 1
48 199 -1
33 199 1
117 200 1
46 200 -1
34 200 1
183 201 1
43 201 -1
34 201 1
119 202 1
42 202 -1
35 202 1
119 203 1
42 203 1
35 203 -1
229 204 1
45 204 -1
36 204 1
121 205 1
38 205 1
36 205 -1
176 206 1
40 206 1
36 206 -1
123 207 1
45 207 -1
37 207 1
171 208 1
46 208 -1
37 208 1
194 209 1
44 209 -1
37 209 1
125 210 1
49 210 -1
38 210 1
154 211 1
45 211 -1
38 211 1
127 212 1
49 212 -1
39 212 1
227 213 1
42 213 -1
39 213 1
129 214 1
46 214 -1
40 214 1
131 215 1
46 215 -1
41 215 1
133 216 1
49 216 -1
42 216 1
135 217 1
48 217 -1
43 217 1
228 218 1
45 218 -1
43 218 1
137 219 1
46 219 -1
44 219 1
139 220 1
48 220 -1
45 220 1
141 221 1
47 221 1
46 221 -1
143 222 1
49 222 -1
47 222 1
145 223 1
49 223 1
48 223 -1
43 224 1
66 225 1
176 226 1
179 227 1
194 228 1
206 229 1
215 230 1
219 231 1
225 232 1
